function D = TheDigits()
% D是一个10x1的元胞向量
% D{k}是一个7x5矩阵,表示一个数字的显示图形,k,k= 1:9
% D{10}为0

D= cell(10,1);
D{1}= [0 0 1 0 0;
       0 1 1 0 0;
       0 0 1 0 0;
       0 0 1 0 0;
       0 0 1 0 0;
       0 0 1 0 0;
       0 1 1 1 0;];
   
D{2}= [0 1 1 1 0;
       1 0 0 0 1;
       0 0 0 0 1;
       0 0 0 1 0;
       0 0 1 0 0;
       0 1 0 0 0;
       1 1 1 1 0;];
   
D{3}= [0 1 1 1 0;
       1 0 0 0 1;
       0 0 0 0 1;
       0 0 1 1 0;
       0 0 0 0 1;
       1 0 0 0 1;
       0 1 1 1 0;];
  
D{4}= [1 0 0 0 1;
       1 0 0 0 1;
       1 0 0 0 1;
       1 1 1 1 1;
       0 0 0 0 1;
       0 0 0 0 1;
       0 0 0 0 1;];
   
D{5}= [1 1 1 1 1;
       1 0 0 0 0;
       1 0 0 0 0;
       1 1 1 1 0;
       0 0 0 0 1;
       1 0 0 0 1;
       0 1 1 1 0;];
   
D{6}= [0 1 1 1 0;
       1 0 0 0 1;
       1 0 0 0 1;
       1 1 1 1 0;
       1 0 0 0 1;
       1 0 0 0 1;
       0 1 1 1 0;];
   
D{7}= [1 1 1 1 1;
       0 0 0 0 1;
       0 0 0 1 0;
       0 0 1 0 0;
       0 0 1 0 0;
       1 0 1 0 0;
       0 0 1 0 0;];
   
D{8}= [0 1 1 1 0;
       1 0 0 0 1;
       1 0 0 0 1;
       0 1 1 1 0;
       1 0 0 0 1;
       1 0 0 0 1;
       0 1 1 1 0;];
   
D{9}= [0 1 1 1 0;
       1 0 0 0 1;
       1 0 0 0 1;
       0 1 1 1 1;
       0 0 0 0 1;
       0 0 0 0 1;
       0 1 1 1 0;];
   
D{10}= [0 1 1 1 0;
        1 0 0 0 1;
        1 0 0 0 1;
        1 0 0 0 1;
        1 0 0 0 1;
        1 0 0 0 1;
        0 1 1 1 0;];

    
end
% TheDigits函数结束